1000
1
563
193
808
585
479
350
895
822
746
174
858
710
513
303
14
91
364
147
165
988
445
119
4
8
377
531
571
601
607
166
663
450
352
57
607
783
802
519
301
875
726
955
925
539
142
462
235
862
209
779
843
996
999
611
392
266
297
840
23
375
92
677
56
8
918
275
272
587
691
837
726
484
205
743
468
457
949
744
108
599
385
735
608
572
361
151
225
425
802
517
989
751
345
168
657
491
63
699
504
147
949
141
905
692
303
426
70
966
683
153
877
821
582
191
177
817
475
155
503
732
405
279
568
682
755
721
475
123
367
834
35
517
662
426
104
949
921
549
345
471
374
846
316
456
271
982
297
739
567
195
761
839
397
500
890
27
994
572
50
531
194
843
626
657
197
842
123
109
743
314
941
286
336
140
733
834
707
600
747
252
144
1
61
806
852
210
115
553
14
113
454
752
686
543
73
436
201
696
290
436
232
577
532
628
160
504
963
695
924
189
335
178
995
457
998
97
625
94
437
931
48
894
290
227
769
410
201
628
604
451
466
597
634
854
828
624
720
565
375
184
737
555
905
242
188
604
698
584
351
494
80
740
612
620
691
804
149
576
867
911
614
727
43
667
976
315
569
305
173
108
869
851
744
154
326
79
76
640
820
545
448
408
298
465
501
152
323
737
313
826
959
873
725
300
943
127
65
784
524
609
956
72
875
653
322
104
505
227
290
919
551
662
114
492
379
496
793
509
382
688
532
606
395
5
707
100
623
863
491
747
496
380
785
552
357
955
630
176
374
131
743
951
611
27
329
55
639
131
847
864
596
721
853
14
126
707
617
217
65
168
624
340
319
367
661
802
806
526
611
798
900
144
630
402
253
136
855
66
427
573
302
548
225
311
110
808
134
284
788
895
789
743
615
361
856
228
863
229
249
542
984
53
81
524
426
94
258
891
232
146
125
931
80
47
58
336
914
398
432
946
837
534
842
693
397
259
4
525
954
398
241
585
255
684
945
435
890
7
940
601
786
576
142
222
383
4
417
82
659
855
64
811
662
691
802
530
685
142
689
727
777
31
868
644
706
85
551
947
58
274
145
981
619
292
922
367
694
218
155
240
521
902
106
902
441
80
782
171
974
775
870
210
456
3
750
114
404
311
992
38
252
189
247
153
620
885
939
195
779
645
656
909
455
921
664
150
636
569
422
943
540
578
536
255
396
350
36
795
196
70
389
590
70
197
155
644
454
604
697
441
684
396
835
592
199
949
876
391
987
185
895
574
442
627
708
49
285
260
407
895
710
728
896
393
397
903
308
388
570
353
733
745
736
739
139
200
272
680
911
367
517
109
907
203
517
654
438
687
90
79
75
27
355
307
697
142
394
67
675
724
198
694
615
654
543
98
545
49
974
464
969
727
530
679
692
372
388
49
809
169
60
310
784
212
321
484
9
439
507
605
758
401
349
842
942
623
997
53
562
863
386
306
284
26
612
391
18
31
455
857
936
401
727
611
808
875
582
595
79
793
462
590
589
569
816
672
343
10
267
341
232
771
371
869
116
725
628
893
183
535
902
780
965
197
901
797
953
848
890
628
185
616
264
250
732
788
170
713
480
81
806
855
124
307
573
472
762
191
727
995
15
647
691
174
72
274
676
838
556
371
779
232
638
231
204
971
281
22
769
151
46
9
348
643
343
414
416
90
545
699
337
657
876
535
570
53
465
259
426
863
486
87
565
709
778
864
850
293
864
644
746
828
765
871
908
912
521
440
107
354
823
427
169
0
657
773
63
89
385
683
807
154
142
48
346
18
978
647
53
914
637
431
21
242
391
654
781
22
826
138
634
550
983
463
214
300
782
342
480
608
102
984
755
150
456
711
998
775
641
621
946
688
289
567
290
548
712
246
546
492
952
669
765
623
445
798
745
988
204
629
909
591
918
505
489
449
889
940
182
251
203
730
941
625
41
641
34
556
544
446
61
996
127
600
50
172
660
332
315
653
410
427
221
678
166
497
507
802
435
4
339
375
128
827
733
891
643
650
514
733
737
957
465
363
112
904
821
454
108
869
761
39
416
936
67
164
211
116
591
118
618
580
690
731
915
669
298
808
378
997
772
204
170
388
181
580
195
960
190
381
303
120
198
46
771
761
881
1
448
426
801
461
494
749
238
559
92
922
893
857
59
490
632
747
756
255
909
791
199
552
51
522
790
704
24
731
553
914
875
796
305
394
481
52
651
0
768
756
219
154
57
670
32
345
697
798
436
981
635
295
476
874
79
100
143
143
917
308
373