195650
216251
195656
934952
870764
844775
845424
769499
399687
362618
127561
254569
734394
334603
734413
46494
864950
707882
546468
588889
117775
843693
838165
984235
327585
84502
922299
590998
810738
429436
543054
861252
968372
403824
308752
969737
490257
327616
52303
286161
831504
226318
680652
846461
880476
785241
16206
719501
627264
984922
195361
779690
708627
71110
999857
692701
530196
977864
261959
249163
921249
730399
902848
104359
152602
338538
210869
722145
372019
989903
482443
213900
693448
774277
95532
884096
503500
111509
857793
656311
644355
635863
150927
184711
443353
190619
499303
210739
432359
345103
327657
404954
389756
961695
702404
237313
153105
648616
482548
978785
496594
666995
775899
487813
946018
59155
54400
687572
696082
579163
895708
670036
897902
179043
929351
22893
935022
673977
672689
975925
64219
297696
554081
951344
462955
871063
119640
744988
161666
404526
266207
53111
152769
776541
655826
767284
731866
208717
787045
60805
521096
727336
806558
283871
156438
574879
608778
687501
457550
223208
587195
474235
961606
346587
951917
617562
357800
98358
20358
822258
890042
766294
237318
432486
584970
671333
871331
997824
965962
778769
394710
319937
11425
339549
983491
349916
355947
197542
152679
422426
916545
503638
40746
506014
433166
754293
79441
644980
585035
908669
310765
316766
455998
660055
280792
102710
346032
286702
578651
173095
364500
752992
878168
617449
493742
796066
212498
49425
190859
186897
381526
969332
497533
87245
857136
891267
616762
887425
365885
787445
977934
488190
994538
757415
497105
101585
871825
899711
944346
845228
636111
629785
796838
895131
109812
970486
293635
74309
319643
597267
846919
420261
382461
244456
722525
128380
943674
469576
775345
216605
140675
634977
311372
267254
411049
31002
761652
196301
990342
510209
549150
799924
956728
19698
581286
692096
537701
232449
1825
424413
876271
537548
1685
569468
423325
42737
717148
68892
557319
747413
296705
287726
280495
289905
6286
625541
320672
352980
137137
139510
882689
118697
285238
538614
184430
42374
865537
763299
805295
92663
855261
341316
817913
771770
414278
43721
657534
952509
267544
256950
38213
250993
45743
427077
533400
43086
806143
511149
848050
944258
973716
920870
299858
760128
233292
60318
665067
388439
569934
127536
779614
76792
413671
240480
796475
530589
364289
18000
152736
441389
115577
975700
104888
173421
688418
360165
899662
345331
719958
497493
186888
735745
113524
239083
583043
643945
458373
594157
475649
415658
91931
583584
227540
251383
501750
486631
856623
725921
241695
109530
509550
474684
635135
767212
501994
51243
44351
944999
898486
836062
431382
50187
894662
958598
832531
586953
606824
506021
333785
333052
71410
177426
306176
329770
110941
490582
619244
689049
435783
275055
899380
672822
214419
192191
508432
108367
733583
440416
29096
86700
625075
990874
213229
260162
598159
230359
574905
871121
807409
227979
188554
23723
962110
70413
564677
696757
967766
209501
207417
53923
11620
128895
681958
504632
962893
260220
725676
734721
329742
240338
388005
498778
369701
473890
689334
462986
316594
468735
571253
440307
830445
570393
983647
376441
712450
482209
315707
738456
883637
983040
353678
384102
778257
891197
44429
491274
688784
490831
556827
288565
875001
17380
343707
618157
322498
785240
748997
914834
757149
301682
515255
56653
530935
763451
988440
8046
941408
496200
865579
965061
139079
222604
439475
403374
322826
847309
257055
932650
211230
575118
608496
23054
8831
681188
891149
985606
897243
937612
927663
145092
48506
685978
915853
248244
354167
592511
780303
793887
646601
862745
264765
962286
590532
880066
492484
108489
624804
963756
729390
247126
882506
26061
766963
126403
101116
513506
178940
922207
55386
103648
407171
279723
683118
259993
68926
632972
250075
988515
568630
544622
203953
28082
745392
743637
642192
391532
834254
64449
28103
888572
333978
266324
293149
206934
874313
693230
548024
758175
832551
148260
305469
996624
339286
13274
870311
667055
761502
918453
758878
409250
194839
5637
720133
76682
312403
426631
245596
705085
432728
137958
621418
598779
406104
587975
566501
331637
109448
105651
828906
383489
926488
487910
703790
490268
141238
665526
212005
908303
567795
578246
954098
134140
808425
828638
32887
817469
800041
880358
575841
957585
873337
411617
534098
105180
96564
223398
387947
435873
930607
975634
449148
672277
12368
193426
206509
970202
257414
800980
702631
313864
524677
527906
118613
321726
838718
276859
329445
374234
815282
78168
355697
122065
388072
593510
259429
395128
342759
625825
680636
758160
104687
526758
968579
250892
118836
620839
317044
334772
45228
580880
377274
571261
484448
420440
449201
276299
51699
195741
880469
213794
442213
744652
531411
7482
178767
636192
711948
842278
897518
662242
548665
35204
353892
241028
30543
117370
399625
878002
86486
994301
860594
87160
987228
21118
86179
674715
999890
828663
492769
365868
335094
822543
918251
356472
596820
963842
417431
89127
170544
120782
652879
317850
333978
501484
385137
183154
951566
908312
809443
148205
113267
519481
29850
674716
353015
37591
136558
799405
738857
307893
515821
826582
720596
30399
929682
846324
945540
148999
246248
774658
306534
614460
611266
315136
616449
270845
537195
705178
455719
632417
104139
70938
895681
345419
848928
943164
335147
209
524334
97701
814895
569411
782742
876066
119192
334004
639903
870235
490203
585056
748754
407576
831723
36535
266750
466394
156900
602550
457082
65711
997403
965191
192726
37513
803476
743478
879557
765082
834624
293625
334613
905121
967248
643129
235171
395042
991157
602181
13369
864296
719273
454485
359755
680178
203114
781241
576226
702216
630053
930269
747536
105654
409824
601883
109305
190815
106096
497496
710457
609874
497644
983918
734313
380689
792161
704543
475096
551481
204228
666016
815427
44911
21325
804256
102971
500907
889126
248434
635881
366782
244099
566706
643402
953406
551891
552277
336514
101604
944107
227318
519511
515279
334342
142540
734437
68028
123809
160621
736695
419923
327898
80882
612814
675098
303535
517678
871
727304
456063
518981
328590
217694
444910
293930
40040
320154
365945
874308
862842
444568
358352
741317
807049
820655
423832
521954
780238
276787
5640
887613
209951
333583
310382
392906
449212
827011
49409
314067
693578
813902
157864
679205
28709
130935
887880
96908
112313
499292
172634
616914
773126
322353
584328
360424
43659
757559
209414
556381
808533
111215
366760
288780
392841
236872
182995
139384
817006
295720
613492
101350
467692
783486
641228
172991
221146
395993
437842
458629
343410
395659
670996
172225
657888
589095
110081
889056
993470
830510
879337
685083
895265
384190
21933
265073
91751
980521
650649
581650
38379
980140
574221
947325
579656
960460
945697
773046
882373
392163
521174
712625
848461
496550
291063
951782
880134
850669
942258
349064
714982
464800
310066
352612
227012
703190
347468
244288
68706
26706
501605
943550
207666
559748
733510
784786
579952
885208
474916
933752
451935
940736
126214
42888
50922
224320
488653
358378
632585
169399
663919
569566
265029
358683
798985
684780
481667
765417
253060
152243
70193
743508
578567
820779
249083
789126
117082
706232
989071
47378
53698
790751
155899
276757
774271
455047
5941
583780
802933
166323
880280
330442
729080
244676
641963
807322
655558
165210
124143
681578
886168
765133
474640
463057
426576
476088
211602
850897
269344
992773
297762
209497
194823
484892
35760
400882
548697
157878
77075
191103
475324
141013
741837
251789
815566
904432
814394
998079
286553
253909
758230
680678
603856
33643
940144
71199
645199
191722
269034
355476
663305
761775
966534
378812
803831
162231
595920
403740
741951
181794
259822
568616
477909
391119
136849
574347
501064
591513
397160
96154
434267
797186
479531
52955
648514
758503
461619
64976
564914
240846
748603
340987
967043
319049
102622
483177
179105
2605
832428
141820
884588
407751
505485
850008
808889
44889
785801
395555
882028
184522
975025
482395
938550
618066
141597
882915
472054
238963
313399
200271
894506
268557
426319
273512
72362
454141
78145
723491
335237
838620
499447
237471
716519
243384
749746
751507
549731
573680
534349
564342
631159
103028
103177
163465
327302
896970
441898
316629
440454
624318
754280
167944
721316
234653
231439
46925
94460
173865
616492
545207
3609
508338
194976
726630
187011
241912
236530
248099
807771
116237
381313
681376
644635
897980
277907
390249
197070
495911
188622
618051
100557
914572
646591
241394
863347
794562
218142
659028
20072
968604
706434
19178
631895
559489
627566
735041
130823
835588
489182
925800
97558
506686
450435
775117
690005
661459
670640
334488
184889
281943
5136
464972
913189
931532
189312
628997
840939
271017
241665
507090
735629
165246
659106
784426
384559
516602
321279
182882
296946
602498
15675
277361
311782
570322
342734
654255
82325
321470
394319
117104
320471
451191
301578
300960
225083
376039
213364
121834
581396
682132
310658
768361
675235
954928
79599
400995
494712
937904
262918
698960
615153
647158
955674
406314
721772
475632
107849
526698
36347
318410
884168
427271
26288
909780
979650
335526
239558
418299
829337
445714
714193
37273
882391
724268
820252
41677
866711
377861
559734
710776
902276
383067
253230
924627
81283
322843
977247
86816
948749
380584
314413
928849
840959
903510
764968
540551
51772
191769
74331
107718
808502
261672
599716
688749
891494
731592
375851
612757
242102
144856
569682
80078
504657
72115
264372
888069
148487
324381
811109
935047
193574
955624
902508
941832
316402
105115
39793
259960
345294
934784
56392
639203
201633
136980
300522
8778
397353
574989
770680
720594
44754
376200
907290
943356
798023
45178
587432
164889
193189
938545
982212
218969
323462
95789
657988
11068
627423
835519
774881
313534
150888
43503
398306
86944
43800
926242
286132
712438
288903
466907
304924
253621
83907
19324
671916
908488
297356
318699
370702
908922
559369
980450
304185
832441
944639
720072
337905
597616
413644
847834
582732
304445
250541
86167
198296
346685
2180
714495
52185
182361
551427
723805
178381
288716
491248
294538
3157
559736
685089
703638
324102
96304
575469
171531
645017
336876
112117
528111
570599
703833
608394
139477
468274
840989
184520
425783
763775
488660
699672
873859
177420
496477
999840
413881
138439
739013
340065
990570
109423
515143
754456
72188
366991
229352
849434
844170
603774
960411
386344
294732
884355
491864
439041
656963
505414
860616
13147
134153
640335
433480
96158
359242
266694
400104
573979
709178
803691
677683
26010
845495
239612
74261
437734
414591
656658
984873
973671
913703
805391
303447
776720
898772
354965
636163
455317
239255
779807
334474
554858
753566
582758
275997
78419
707925
655609
305533
690709
857342
45196
394916
886170
841693
359080
189328
806243
782488
883612
214081
848747
230277
281933
604535
417484
323328
605479
999795
148555
350467
150880
238835
443600
240148
879046
961440
517781
68634
58323
644549
568119
210030
576312
312282
932766
882317
502079
846446
70678
698173
623937
618235
978596
550276
119908
150626
596122
950383
806620
282081
684807
23214
813340
202906
804635
963198
407652
609528
946168
172385
919490
868514
549054
222744
363029
392317
119371
172222
67047
684652
228173
421226
15428
397031
204052
593884
108161
219342
725125
618701
705109
342047
819454
915345
707341
565811
873943
734509
903781
513972
146599
361556
62652
419710
453636
750370
242376
433730
369484
455775
521152
376598
767592
624732
81372
276595
645286
635167
90146
107965
370397
242234
566517
256070
306460
577157
489329
319609
350411
131568
664681
142890
590933
208709
13107
435966
902962
780462
951244
747539
929300
103075
372133
600143
640789
424021
54578
128803
83399
235606
316281
428395
870160
162809
908632
231824
869715
184098
532291
813755
100543
469148
196790
814694
678592
249874
379585
46197
319353
23573
745623
481018
310396
404662
520240
362300
910004
376419
729483
56920
902527
215357
386883
516902
68736
502483
768258
694085
174959
803732
925755
79379
425259
504350
568257
22369
469430
575129
473070
751001
925856
646456
133554
293667
22766
248151
258566
27561
129207
100485
110129
281304
147819
301062
985369
348238
230161
106478
758114
551530
562402
805491
475873
476267
117126
83916
409191
108945
979023
238186
659072
689790
70772
215497
494283
33597
870360
117900
568005
641761
667381
9212
761937
901347
143595
506695
173795
269004
476926
952352
362290
901198
637885
450757
381308
722099
755233
496584
206536
239587
531356
198994
681574
726014
607755
76980
430948
32654
303688
66602
527087
256191
652038
576743
460099
866984
551158
428852
39920
940502
351568
93515
640791
676467
329613
273957
557347
187324
734263
768627
361385
782192
82189
352562
339168
685552
810920
5147
417809
839786
714363
772350
226007
574662
730579
395685
865050
273734
959042
246668
107290
719913
226173
10754
172721
999077
535800
406427
635818
952142
911640
368397
484270
602845
219306
176521
161191
442351
460067
525813
505207
487925
816777
834093
499992
363589
984821
148203
875404
419848
292598
750391
896829
307527
597666
936678
436797
827107
772480
576412
965007
749937
607861
177668
718860
417925
191172
759532
55453
185059
783533
592751
614771
845844
971467
418949
548538
13499
635790
253831
922829
101848
80378
636838
689029
746909
116551
884292
811764
630862
554353
432847
286043
671406
958602
196595
799192
441916
497181
773044
308154
474173
163317
587443
215637
971093
804352
995572
639954
624836
719691
250484
648432
966467
187834
889992
790168
748929
529348
941789
547655
716820
661335
869055
380128
812536
210340
486483
963866
415981
2201
470962
583967
861193
753570
995382
501
785886
939934
248845
759090
627281
735802
441937
607386
158875
760004
76624
913654
720004
764813
977675
765625
580070
195955
80227
97609
274604
453139
227018
718069
903086
145727
394523
306967
240977
538407
377664
885702
343817
296754
164938
607337
131775
970089
869334
888084
26642
574033
669576
475149
57554
524103
935893
163076
551791
906804
153338
652770
840064
535509
687444
747687
669178
56592
667586
898524
527628
950314
399147
335335
591718
763196
298522
926325
606738
876301
16064
140796
739390
67498
105656
620977
178327
985486
188261
984585
151773
160542
448657
5259
973045
797358
226978
652838
301924
114558
996632
863440
654992
251658
152730
36806
607967
521849
801094
202965
497472
18739
454908
872461
641148
281343
51524
876018
842512
452318
886578
346432
59677
293506
570924
478495
142800
394022
294312
566777
915587
712340
23202
437179
195397
153177
159021
225111
11825
77583
421143
611803
635249
100664
848703
856937
602375
241057
785119
143625
153739
381119
582276
940480
467556
612374
426498
112770
499759
238868
104247
508334
798920
522405
323482
205021
445292
166833
690284
6617
258560
552922
503818
72832
151921
964629
626146
48698
991635
956342
167168
57730
558581
29633
282904
654076
108512
70135
461416
693159
199891
89265
961142
58133
62396
525214
56612
835429
692212
605563
799096
739742
315998
364512
991260
869816
889091
592479
981711
639982
28118
40599
992960
630821
847218
104141
719093
274180
846778
237266
423417
369172
80342
489270
935548
682207
695356
657116
640241
23150
214612
259664
937169
302086
311836
251280
70247
355830
17765
752498
847407
32798
104923
91193
317040
606297
829241
464420
430444
459040
411666
330721
628492
330392
659684
122232
863710
56277
509359
838839
427244
869480
662630
720242
336528
146998
914654
922245
876406
600075
389877
704700
949594
514315
465858
690117
128515
429645
305161
771305
3255
443068
396903
213682
18198
187819
109507
134241
319325
417443
166175
623135
705224
530822
353792
703491
656824
275417
277016
28193
114197
712323
539119
819568
752084
257609
176617
22897
323061
277180
447255
810470
480190
655662
527762
690766
749740
240337
311069
134460
994222
212493
825596
194697
668353
513063
624869
755071
633394
883351
739682
218161
760627
195023
328088
959149
808330
673437
181762
935242
731331
27471
66531
844783
979516
749946
422837
889203
606138
855726
798646
223533
994067
449760
174342
722514
121916
757794
127582
516990
781639
419191
479917
435391
66246
266999
976860
772261
114030
353587
571605
905300
795174
642187
21899
262034
75949
278906
508238
906232
966989
766035
140378
612656
866439
347099
73042
303055
777435
880286
885252
137024
368699
526148
863265
240779
525660
539918
710967
722984
430576
803747
963137
366775
862759
433062
163272
279479
66955
666650
722467
780610
780391
124481
556925
328453
220150
683993
556732
721629
310315
578993
264890
859131
765559
747461
767828
517585
230716
665769
760899
62252
580759
415429
147673
737667
217315
794764
683838
886941
30479
561178
544992
225979
943540
772082
626841
860289
458363
449447
158636
367244
273458
930676
624012
109588
742671
173876
231579
443108
869838
365437
714874
179959
181804
789252
90520
715811
76882
472026
796362
551603
472175
481612
938933
573552
598269
942865
257585
513123
74214
194094
614544
584464
859619
714516
692315
734303
526770
767178
480936
164656
52472
400046
166317
281510
588139
735440
931392
335693
565986
968734
380665
541457
325655
199374
703749
772445
835509
263451
66533
378436
297959
677923
482381
730972
168122
116575
837895
761586
96247
741701
578656
475765
984475
247344
37558
358998
272739
978200
660629
558947
420432
815058
335979
278074
276021
680872
179699
94221
314692
76836
971475
10782
478318
546664
846502
767818
880498
25086
800780
315846
857202
830463
452160
111655
469111
101537
284791
543642
445699
422687
442563
360326
958398
919392
228758
955343
112469
763968
866913
456505
291910
442640
276669
132332
701297
7675
613314
288076
289889
59193
340492
351041
967640
666427
512604
129827
229919
225727
517062
782006
759359
564175
292069
641648
109507
273479
321086
920815
375768
214877
425807
718689
648821
460888
586372
899673
847419
477587
568092
869033
623999
216430
531171
269915
13275
106199
359755
234176
263649
923338
53417
131289
279647
755105
722044
641631
709370
894848
189831
999069
358426
966143
733567
710174
483063
976554
891309
608684
182221
934991
289506
396468
341048
225159
466617
628542
359802
201371
105689
393896
811522
538282
513150
140005
838185
585848
96011
878496
205209
532188
459846
787251
485453
879078
475227
935163
193810
198964
158838
722695
89372
891615
587532
359278
510203
839694
936177
431782
772466
932054
374791
253066
387970
159337
901940
143605
32870
179912
951402
178790
626453
312329
718413
712056
228805
686033
200402
810886
396133
406008
389849
463399
394786
773253
741760
583260
811910
221562
720284
513961
472878
445020
627702
73419
104085
915603
202099
616583
227127
898652
388
835
261621
93012
277101
325101
840502
990647
618661
429375
6888
563792
914469
896242
309391
538919
234595
850016
480663
586567
942480
805753
81784
815145
837372
410561
963075
976751
429471
848861
845780
313111
157457
111279
333960
757930
438233
978895
353043
972723
304486
176535
187236
59673
744251
845033
838466
356983
46381
896953
714341
853016
745967
419902
323941
312706
489143
790273
946235
904963
605356
917049
784389
203356
806877
584930
325641
597989
495218
503473
521677
7133
992064
732144
342975
644945
572008
977334
77263
309964
655567
445857
293611
669961
293358
565251
28283
107593
580583
737002
602946
331400
80042
360747
675717
587550
535814
452484
301374
958455
789450
177241
882049
44581
928223
70102
505303
140130
95843
395206
857988
337382
419802
526591
581513
740980
61967
280441
99015
241067
621735
364275
403279
251243
561213
887089
242334
693295
105509
52714
613201
563233
300971
108320
397679
907225
548153
162643
273753
53385
371338
692025
807779
940468
842153
124989
200094
471988
224821
52650
220655
978032
282596
136640
414214
376297
438228
961655
972587
633685
451444
356334
843431
514452
57725
853451
459713
288677
123217
599904
844601
990420
430874
600542
290894
182413
952532
182524
734703
999562
974441
170114
829294
807201
773963
431589
975776
163482
429268
217642
797234
731170
7372
642384
185569
645152
78659
446818
887255
134434
760868
589759
363636
892723
16749
963894
761232
11651
278873
977486
648767
515137
494434
750701
112845
764545
790617
653937
348846
757519
610159
74852
707934
222432
85831
145709
415493
166846
49859
47195
574929
585228
433555
14884
868431
799003
876302
440729
791239
909919
199404
391781
692879
588289
663788
684846
686681
109844
539565
797579
390882
48493
62017
768515
490946
524769
468973
761503
920443
345490
353041
966769
873559
5600
597213
23171
22374
759800
410056
504791
14428
920914
266760
967498
876473
519588
676441
16314
622956
650136
92561
855076
527843
614041
194780
320798
669815
293658
141848
988659
994062
501815
713279
642898
533436
983402
572690
761261
56773
246988
404338
740542
858580
649878
560172
202946
467824
635556
774316
913543
40521
740215
681230
760507
487307
453466
128552
568881
534112
746121
263581
310366
217325
334942
170431
313666
761051
654408
516924
641260
828585
96461
622274
547789
489260
911409
980757
551824
317663
345981
190339
346444
866865
634571
373619
122836
565104
929925
636123
813100
139268
632566
815266
194026
725006
598518
488393
18298
486143
701484
423026
749910
410830
860654
832197
465382
837561
405846
280175
128761
564136
762739
824326
761707
76755
458982
102273
140024
653973
123365
495656
140562
630355
941165
657114
386793
939543
100965
393656
596994
770870
707524
148854
791773
177898
161147
188659
495161
600768
718854
60297
3942
251875
376345
595919
731193
777045
239088
635910
8864
567343
182297
842710
805825
918554
193476
794837
267845
894404
705065
336832
43616
76857
450491
36001
765284
748733
659427
470241
778092
565724
321922
421182
555795
7968
84112
120224
656229
150524
195598
579587
219939
67907
943365
494436
174414
4770
796300
437128
876792
500886
976103
407098
800314
645627
960482
290807
315189
663135
733854
841909
918131
932860
248084
989568
118719
746835
485607
327048
34490
131222
125302
50587
910143
162746
664630
273026
750565
303164
71002
938181
533079
309973
562464
713125
110711
794472
462912
955785
56243
57647
155382
121481
334579
697207
387458
890298
335024
965684
235172
165858
516898
109784
696195
354638
158054
779714
644226
329743
854191
346527
519314
207692
540281
102916
462266
59380
695209
268393
730371
585923
897074
341774
411340
807869
880904
238644
896666
422373
831565
744179
41592
281668
231901
199854
476300
633807
40584
119876
544556
173495
591810
81072
557449
948254
481725
272079
756893
241001
751819
268674
435560
895914
392870
169741
705764
757962
930961
731484
760840
411390
514866
449316
668261
634276
432537
647661
228543
190115
252548
304655
773055
994450
209066
218872
134674
741909
277472
468667
230066
72869
927006
43628
474657
141666
716141
792433
635367
481252
616636
763794
907669
181134
275664
2139
580993
203057
173068
422599
968067
542519
135072
728768
777563
988232
90729
885588
761884
344691
774731
926424
43730
36838
344595
650206
938992
738709
362176
734029
837101
521012
561296
689418
769571
229548
960501
963296
328619
339069
661003
950262
552978
341605
646853
355267
74816
355506
760695
972907
835798
658301
833830
814154
766877
310475
281658
868607
819840
939078
119971
763013
664542
749586
851298
599569
16894
581254
400547
124034
486005
355882
200365
731930
769486
454895
69284
96302
193132
978197
206016
490731
638544
815995
242245
235555
994700
62350
111698
259177
332036
859389
748614
244861
216298
720744
36072
379977
881531
82843
706226
533860
358928
938832
276915
372728
922900
233812
301163
460932
758465
419988
876319
510029
985387
68122
447884
200645
405492
804142
713903
133752
913975
776212
301315
141792
278861
669599
480061
653658
129010
107336
648809
530028
955253
792915
472845
229437
894527
218224
240203
850415
760955
249437
360772
867796
282126
896171
530845
330721
703415
419711
92549
908262
523234
478509
801044
689153
31566
836471
11030
485873
762291
525942
955206
3674
366277
613881
199979
762849
760743
784172
373114
643847
907117
40475
63556
519408
115093
575358
879303
505838
647489
107369
376419
74323
45577
943687
917331
14573
398697
466970
243183
355305
317969
412768
308298
809319
32864
117057
994814
861714
174005
820172
861491
436138
620090
724512
175706
481225
984852
935737
484966
864809
727396
408786
495603
579502
885618
985492
613496
223187
316452
164185
958590
506580
570237
311286
727451
32083
479144
684743
871373
490136
334111
79404
484749
771462
391826
238414
27466
211852
925353
629497
352329
452933
487510
237647
209740
418644
348165
577541
499087
960057
142197
536412
50039
274131
826674
644002
835730
720139
931584
718982
615914
68585
636094
122481
992146
467204
754599
847703
88123
611890
855872
806683
413201
955030
174376
822172
374651
71368
961254
234334
125253
172030
921182
197320
872810
434387
956570
655391
240496
152342
995041
641145
520546
740530
51068
51148
103364
556480
957307
852014
289954
643256
933698
496540
612344
933998
765284
410324
675872
64156
800760
306544
717862
373873
767802
765536
950381
177448
714790
792660
180968
542109
5200
863523
649862
106138
773541
450802
183981
50410
641525
879804
704362
386082
173204
197678
821751
916120
616163
269311
599997
379939
813597
304881
768330
29949
512744
217581
564178
782972
65555
972547
528472
361947
352106
817984
574306
193036
193505
771670
893697
851981
489067
241039
541959
10224
178882
963877
574013
657946
137385
333563
82240
400949
522843
928500
90437
172707
379455
211070
839463
296809
887069
667043
786358
19174
480745
955807
960504
104537
600399
976288
510032
813776
250726
250726
799962
775179
60036
642478
33662
203358
793848
204649
887281
641920
646562
712895
791670
783943
631704
56636
688435
206639
238733
493723
442355
179866
861972
43138
952442
371663
831418
187229
632704
356464
717534
581600
291099
30500
516172
959524
644733
178777
429172
532123
552616
340751
478982
734277
626159
90090
249884
98610
133762
737594
417463
596841
616050
92804
49991
893859
523655
305749
623536
715345
831689
526114
397230
235467
643194
891185
780099
491767
864463
469465
293692
927968
768822
839186
861672
200403
641658
590294
283118
686530
41948
880832
605999
294975
706782
941580
300928
313270
420079
969620
908713
707993
647055
937213
866200
895310
918653
238673
646337
285241
77237
895661
987642
376099
703919
259448
155300
859747
179960
28587
820934
822869
390132
393371
548792
728423
774405
845012
925767
773312
864927
178006
518937
824673
560305
477376
65265
925787
347582
367493
118762
265097
651570
184090
194688
879676
974464
122729
324857
297288
905139
774069
993265
896153
294662
798006
847211
592902
834578
504291
290184
118190
882553
173097
833454
913496
727827
630878
3810
696597
270473
14585
762878
530727
264552
672341
300335
80756
350593
730534
502078
609982
99338
412152
675076
947760
10929
31369
340721
53494
887339
879366
814132
506478
974422
301343
131621
658746
571391
126714
55572
258865
843246
330228
353877
3492
548746
633312
421165
345268
374677
136190
423270
731207
690513
153399
781571
348139
581012
471839
430332
801794
212395
865329
296369
792712
766921
660767
211396
580797
187569
290539
339320
668840
37332
230810
228413
807319
121343
246138
375931
677955
771240
820484
991152
106650
224772
129146
268442
177573
214939
235496
374221
380189
73666
615947
913711
498484
687412
453486
123203
712415
262013
73657
14228
664363
258163
398496
608798
564572
555090
301067
714131
455409
684935
692410
713264
370360
246557
391419
160111
169280
233041
556469
344631
828756
690960
543745
926489
164797
316753
633107
464807
951113
155343
966884
955762
664535
402984
929039
250647
71607
731143
171052
363819
368840
766100
88588
263475
316589
241994
265372
521405
90259
418722
82641
723161
38364
944766
320089
944684
999710
684339
257414
352989
2086
845750
762987
756261
417528
184302
360437
147339
975157
162599
487721
983628
157609
437640
773347
567871
927951
343437
644328
486130
684059
46950
227589
424713
397572
318940
551239
985324
554889
297008
783243
509019
111163
957902
175174
724273
352857
72738
320163
177911
420392
670549
817762
934694
199559
628145
263004
100211
699618
653332
47259
875893
728176
179298
494780
278172
498086
957687
749941
443910
77381
462407
124128
496964
360595
57902
161124
913544
933818
59051
525580
754537
754882
356002
986621
984951
244465
362636
853691
881429
962686
244300
237359
609937
681366
692767
153624
645643
753332
961349
392492
94250
805153
289407
944844
780670
668723
710270
951644
65870
600506
568333
459994
203706
472196
332671
78585
928451
33022
819381
917309
156517
237028
158888
898678
942868
655237
898774
886870
451108
751060
62126
509071
440980
995915
687771
338456
47792
790061
773814
698397
315475
826548
164968
343997
384795
268552
641583
112669
966210
325336
654091
253468
41340
526003
57463
988394
550792
471397
628791
495897
503958
281835
976348
741136
367292
574350
44705
825406
856941
20089
724830
825842
513373
414808
904572
192698
366786
338273
308227
14540
1581
901090
647150
765623
551791
697966
922756
384292
473752
604223
148623
519121
146887
957942
376648
341341
487040
484552
548141
678124
19443
137856
714499
3158
255610
525546
277509
110930
808863
373787
666086
997031
668413
530970
703864
109217
251353
809717
31703
560900
820770
209601
863118
261067
312791
566239
243404
792358
440196
14056
158827
596666
188840
111188
483165
172320
149897
648176
941428
588457
198803
946473
4697
503491
979360
681126
559171
43372
250767
401874
630834
913602
417492
124677
316582
792037
439295
419931
189184
188304
949832
793506
19249
737537
918785
743918
445974
520023
549060
629674
341164
938217
966774
773543
921425
940405
677738
485013
720410
79032
560719
879636
261050
110910
453501
868023
192115
272306
554309
6630
458497
881722
89085
797153
44460
304188
339095
352437
283454
182226
522549
646004
707908
181943
724141
422503
998429
268638
209034
743059
848416
154933
63266
808405
461586
389339
863578
611229
635890
627760
895099
311887
604095
484328
366298
666138
626707
956270
98188
765196
350935
539193
180053
906911
117102
135636
319950
311319
744850
412274
749480
627707
405082
637603
863859
941945
361006
287355
622909
235636
933289
874258
232234
495660
486890
190128
287607
413534
283242
105422
420646
999423
269129
892044
700074
598856
725834
352832
136467
708417
359001
525830
177811
626018
653193
321528
292007
546495
762593
559155
99274
951573
508820
117383
250183
596858
923516
804324
442165
690896
360700
943015
726203
556081
981112
491163
949247
618134
211662
153010
793888
28056
290207
51155
779394
920766
980539
428820
871873
724301
411314
584502
24556
974825
249815
228412
166801
447702
362797
714906
473817
198013
978283
384000
10674
476933
400301
831239
891594
513975
686145
297645
798150
239416
829
336335
218401
361947
928323
933330
56471
413948
50636
987547
875753
878573
506596
168595
85435
435583
913823
244675
728579
272990
732553
799279
140913
287643
733654
4119
179104
869307
752655
285664
188244
781374
556512
988380
537062
818802
486368
265441
141114
418602
689325
665652
170434
888850
444913
341178
994924
93642
965602
651326
607159
302166
697100
635523
207666
378539
158553
22008
856277
919993
448814
58073
241008
295705
331310
901715
832465
827960
797827
578286
997362
377685
335062
84348
466075
265553
17204
210640
122369
805314
539000
422987
917146
986498
70519
795603
525239
299986
498359
846541
8350
259458
656080
321738
442802
921957
359626
200866
256307
269242
807077
129341
44448
90573
612933
10785
741735
949756
667305
35894
551374
157181
315398
658733
492330
399041
204652
905555
279309
790794
518200
683990
788958
486168
366629
197196
165561
650470
603177
297608
14728
718016
907032
955980
248614
221306
794501
428093
988138
859498
949853
489358
603888
881077
579627
69001
220944
927219
223991
371645
879030
426112
981704
984849
68775
880181
711597
894542
666629
321795
360497
157930
692341
740819
644102
171429
476296
946316
121421
944885
264987
622569
910883
333340
487269
883492
953335
270382
398268
978282
82577
27848
633667
293232
946538
825261
434518
402981
637631
66282
765310
598369
209623
387425
928534
247380
365672
316291
112780
925936
452836
90547
348277
871966
706982
419706
618231
949701
661620
138474
345700
978808
183071
136014
47388
668057
88023
525757
189777
344874
525628
454231
137826
993172
389190
821953
417221
166839
220185
35512
471622
37518
970585
638604
83148
893621
310082
42567
622927
10812
913793
483686
467738
374952
81630
709649
200359
986527
79980
3777
354434
353894
600404
890260
726737
222082
741283
908570
906759
447913
480923
49309
385477
289628
150463
636041
678677
359602
507377
585592
41659
524280
551355
375351
842560
251268
459167
190217
44200
873110
537914
421149
664995
407063
873546
972100
979498
146395
768585
735
524227
354103
574664
534348
262915
908183
761806
402722
60731
242308
520560
846204
947700
769778
400020
141477
307829
740461
797736
122944
77872
464583
723641
889131
603081
515184
467276
710987
257630
154252
929501
738990
451064
520676
376806
390460
707575
926699
896812
150627
899877
548002
415160
740041
300313
229711
888952
45049
726994
966239
380449
804795
376417
381458
545205
115890
985759
341912
347569
560236
455625
131816
666898
994476
923401
573902
916077
973676
223124
271930
265250
393355
878845
964373
367258
243891
943838
560559
108079
931591
47019
71804
643665
636912
857591
461432
852085
701377
403951
908381
591035
386750
706154
491846
27010
925500
555925
835681
346293
391932
536623
325708
546815
536704
777586
508181
15925
128976
284824
240937
102802
905634
564352
219603
796393
419489
43888
702156
168811
223796
460078
917317
737274
175730
27463
145289
68941
272991
693902
618916
298215
180707
246670
10997
391543
611872
387882
877363
815411
903887
938761
952026
903067
682656
982737
210897
877191
761524
623965
261318
608744
800697
825623
724132
817367
649663
294550
853303
102973
36553
385018
932057
851390
627219
175340
86768
771751
865954
922683
775312
359424
843324
83348
197225
494791
560757
708089
571068
373320
642825
891466
161187
960379
527800
888610
718019
649166
297145
620592
551619
128477
474631
83840
450859
591299
122863
368434
500603
925221
200185
606936
615255
28111
987681
752787
682333
495583
420659
229423
140365
249152
851838
982583
260288
629865
716473
429740
293461
513430
696247
356696
673741
72055
780730
947106
517967
523303
486577
419260
36340
764537
55312
762809
434697
17047
791023
248282
259231
507597
430416
709351
454501
270200
576393
933370
605674
317141
979869
593734
526201
182482
867368
34668
532373
520824
730894
510276
848041
834833
289204
820905
637522
791363
821429
724384
981060
308578
825630
375268
982283
88792
988266
70136
364139
3035
432029
3607
728216
44676
823257
270594
821136
539114
244412
776599
909584
341653
712280
391661
794306
162106
529213
585472
788907
858467
161924
570775
683358
376614
401234
853495
404290
428985
103809
935880
767844
167558
814515
676468
375887
128812
24951
714259
264589
281629
350841
209475
114288
61843
18531
559554
757972
589710
985386
977115
458905
83999
308105
421418
299427
481753
593344
288371
251962
702538
721207
309573
202912
580018
195223
630611
427957
503628
636144
247813
300279
247290
152445
902590
981663
488281
554237
389295
131252
708333
159670
455306
804371
908307
764574
112290
592310
23802
919714
142056
778771
39618
691440
600754
254458
562515
149287
120526
304745
101952
276696
558194
701079
60214
704572
254080
169271
412399
130723
634531
649468
557200
362484
55349
170937
66110
632842
548181
35216
865309
959248
143380
736377
554522
800216
569110
822464
885686
327444
948044
262660
474100
191618
77704
597507
159780
476324
928170
184636
581268
522533
103684
67768
976511
275223
7700
63940
261721
611163
998150
725300
684499
761503
525736
50598
965246
768303
733564
502708
797528
836797
786616
70503
140729
194339
602499
772767
448357
54935
122720
385991
726421
382289
983317
808024
283909
64139
442677
501192
169877
966126
800152
822404
269900
760967
436749
497546
326520
575227
962938
557858
670794
183833
885442
9384
268558
695114
997880
720146
967440
764925
568312
629591
211415
2217
867372
635798
597763
942264
38188
689116
435241
266105
332381
462837
577740
510509
557098
27906
648630
783053
209320
917804
31733
978718
12821
520367
965907
377409
169470
585700
897733
697006
910009
622151
679227
228508
699358
335897
485394
903109
19399
994006
996432
295122
689489
816606
674965
976420
481694
766272
574135
888906
450584
884368
531267
612263
189020
233210
339928
845131
739101
520692
530409
707584
2230
920763
433681
870987
182269
36486
19808
44030
511421
646986
762244
139067
35273
706736
120002
243538
662366
364249
377452
648669
71900
750209
621625
198029
305843
642169
791314
623126
721697
386385
560
742872
584637
904488
86595
322184
692613
209005
370193
861435
834517
362832
963752
451999
897301
989867
905445
133738
436601
618777
317377
76983
160443
827480
879709
306026
802435
49348
15046
509119
848474
20675
877528
191245
606663
831338
177018
204564
366549
992033
535535
984732
561167
397286
773715
808750
548671
175657
192003
235004
55952
206079
608511
123383
534299
419337
712136
581784
341750
621266
675782
869170
243491
295156
546332
502062
579286
105075
933171
780445
42241
867590
315795
90026
782618
489908
11120
409635
950033
807213
602877
225044
628890
624015
97562
996245
713808
524483
974060
451063
134000
360947
84906
371124
394744
734357
530785
919365
899059
979672
186891
542495
936243
13243
959471
985758
490145
568786
464880
346919
807401
757045
548371
547426
825846
544935
615368
486733
950055
485062
997995
414977
289342
459694
847260
574693
535510
896588
141637
100784
172057
559977
725405
918110
996186
273532
868723
232523
898500
750536
570468
662214
866945
578840
253968
735525
202743
167702
948821
644437
225036
310274
241294
78734
789221
268930
861974
636664
939305
669147
504817
117205
242036
800883
349308
593693
547925
160385
570384
789636
770108
635592
704709
317905
591459
507711
408058
764795
200913
865337
192973
482747
546533
28813
962119
122896
838808
328523
350459
339224
596269
296894
885546
481842
809919
479418
786094
866594
971841
205058
68564
425631
738516
689052
566958
873037
836331
783978
838240
24278
147429
509215
398432
216580
653405
688784
248679
360693
514479
14597
151780
680374
536698
353677
335816
473852
167080
575259
424104
264596
27037
282165
168348
955573
689571
888406
150443
807594
821218
329470
835103
316355
254856
144703
276653
376759
15256
977023
285033
328437
144827
567857
75177
959900
212305
94853
46579
785814
785343
890052
607235
926346
879165
285814
799743
327444
28053
694962
94620
198303
863164
71057
504498
238173
621334
696202
494730
48238
127559
980706
761257
666368
577295
36856
252337
693485
762604
457039
700351
876333
374877
75986
987710
925800
720410
777169
370116
888112
382219
787047
332901
718634
614825
940816
62828
447863
230661
881591
675645
926918
569136
73219
139994
442684
559354
10781
756465
374567
43899
58444
90449
293738
854875
311597
849776
243151
473453
308480
439998
412652
632792
650670
92654
962996
473889
228718
894113
721937
275825
973836
426759
644009
944844
675767
37051
505647
62035
915075
307160
712481
657194
846016
472765
28354
382792
921337
109621
469622
439448
156035
990132
132256
503126
636504
923528
122624
554585
905662
169476
574276
187910
715434
987291
736792
914149
553245
193240
426684
603710
11603
270083
365992
891792
448461
595004
807875
648971
108775
667646
455443
326596
558551
859550
1281
616354
931395
993158
985330
687683
919595
846313
636976
931054
404052
228733
353910
543481
785000
150431
909724
574288
74124
628715
590525
458164
851715
667695
802323
905715
222815
704170
957081
869050
802896
983383
754231
819335
234664
439105
260114
96713
604434
373999
279585
707574
806805
330405
226462
925222
498613
603824
381944
263374
65257
12931
562361
78446
371034
688138
947414
614683
139289
59944
342365
855738
490639
450341
229870
858790
757692
721294
252387
692923
270729
988265
989783
576539
893789
780036
696743
882748
460064
697405
726638
184216
107492
346230
702169
219889
2851
145197
592535
123026
908104
179003
589988
158688
242760
473807
665848
324154
548365
565198
540854
485363
262811
740519
316732
187469
809258
668805
661179
970097
483484
52354
902786
397569
511847
198671
56184
742504
425025
638122
176714
15825
429876
518501
232940
323442
375952
744524
80377
409351
166712
371009
272555
846937
254082
144910
603696
370583
519352
100761
332019
767425
373924
90743
649515
835476
101815
434020
914863
518133
644569
257976
581058
735162
102994
786604
767513
978891
197911
754293
919129
474966
361290
804218
867409
514901
275506
178494
607776
870332
193026
783237
475477
261852
603491
712004
105170
6144
860594
886218
489768
515922
702194
882261
776564
637434
176390
28295
920432
456263
359525
795890
703628
486156
716912
205367
342493
647596
363254
957536
499495
964387
497257
732058
116691
142669
340088
264355
864379
612517
636461
359381
588955
69286
967599
527937
500089
612009
73320
920249
29535
493501
531259
963149
411515
574573
654564
180048
311461
443851
206349
413812
891455
815911
625784
947179
244184
829995
418591
572959
921320
257816
113617
627468
617555
551796
815773
27060
225776
433913
67417
419225
367388
178613
50717
151045
743513
800305
783677
656466
308823
142734
879867
589318
162367
502216
241794
708307
400610
798724
693453
616641
50235
768573
488572
434779
253744
758523
303048
998374
869847
439883
606555
494520
113292
358843
598612
55362
533096
418592
549938
533001
789696
699771
111985
17863
427979
281396
239780
955581
739736
225838
686266
822763
452992
842857
118039
819321
743867
172422
519454
523945
790852
852231
636796
366692
381276
907553
227838
173108
689009
908151
911260
1823
482408
491988
635672
343559
922586
649475
659985
908892
350389
19064
261897
419828
83447
78516
223229
465578
283782
992740
855601
500769
760680
426572
630715
916731
220512
429016
629522
154704
195600
971591
338114
548892
35811
231774
541874
378467
294071
988135
40840
420072
227633
816957
980760
789586
646780
268301
537828
351741
313569
164254
412099
965134
288672
156285
235211
334036
938764
229510
190753
422972
169636
858862
813031
982864
695583
728988
926495
45117
955928
564633
799478
677604
977728
608137
718302
86520
628650
781210
279340
426176
870300
671565
294599
740182
354739
920324
271341
439698
750448
346224
641646
230449
451049
43640
831183
730049
628341
805403
890812
405082
411790
855416
175333
473587
465941
140377
45434
970549
266206
533748
206069
931122
264258
863792
614042
140453
108
807248
734486
10862
833282
547175
55923
278209
336220
870640
47613
539121
597362
27824
893581
335446
930818
222755
581665
231978
463610
511266
876259
198355
224389
313542
912492
107650
49948
835003
810440
914737
707919
790942
470570
132667
919115
950196
174113
744603
196884
261073
981862
776491
962832
679348
722629
499898
872229
266602
958662
713468
705790
901742
792351
708109
596015
808081
477070
461798
378867
395807
33805
303720
51368
407168
823373
198578
703347
108824
108843
932904
508787
654585
990059
102609
681929
759945
847126
701336
8662
120295
68398
606145
157803
194997
70748
858443
225639
928663
195117
498602
675640
720833
410533
363018
692960
400961
987301
910137
111562
249944
611139
652153
175633
419590
264257
852478
956136
633522
93970
881784
907024
478800
199294
934665
719699
652364
979242
837455
385442
457791
521984
664450
285582
406210
777269
582829
737694
403014
683356
572502
680374
331518
804042
455218
500178
443186
184954
274460
936366
85320
266443
122475
872006
570386
490480
327300
226837
942472
129398
958082
804137
725309
73142
728260
798313
735785
623427
621051
351553
605731
454343
503535
205487
718389
801430
77037
594148
160061
968904
967523
18003
264600
877993
291164
621555
213607
902889
748807
773002
759902
827913
362976
257383
637308
4779
752823
752966
710112
119764
246134
171173
410955
693527
624631
741031
477737
89113
377304
292268
257037
345419
148787
193091
713466
447358
747336
991916
407716
924133
443861
358714
529980
49121
614669
329394
618646
956901
771022
932979
750913
118380
41790
570559
782157
968497
165428
600226
378830
467436
664499
533191
616088
232007
652611
374613
14427
498234
961028
585443
390062
539846
288912
947712
85079
110216
781710
651413
22700
758291
785832
71220
291741
152884
730857
661168
216194
697302
339777
31103
274202
432706
76734
683528
342914
30160
312435
424733
818556
883471
893758
65474
607267
262258
468653
58115
607305
995697
733623
311132
45395
102230
94184
792341
834879
85873
823110
701246
447604
148368
641281
511794
42422
148203
200575
213901
90556
6034
579104
450086
141527
813564
293815
213645
67830
101704
152239
171178
685977
385942
112416
823869
135039
813296
315290
346892
951755
137506
643503
334053
420530
735705
547922
160450
645159
444263
100031
670203
735698
938094
873721
477997
419850
856487
48531
577618
989357
242760
788245
674808
612502
628053
389563
456847
258790
257365
686265
229562
225462
209368
979897
644845
640743
752606
169623
325157
394147
523237
316222
378806
378916
441227
263700
132700
425896
909285
508228
442424
827799
396681
809874
215753
85334
412739
513981
228696
636023
312290
738097
208251
660178
855813
759445
132632
147317
990220
572029
289144
331699
578313
162835
65134
991742
289942
757724
987527
29423
198074
514875
535090
219640
772744
929749
375489
505015
97682
530769
262140
681265
692263
440
619111
300735
665142
48343
90692
217090
414103
481549
918096
907175
822173
459242
234841
445902
476016
39693
184477
464209
658721
20910
996231
391649
754550
197393
670635
3164
88632
314658
783914
708822
623868
944217
423860
584393
230697
23256
197400
336422
163886
580231
41498
596136
458502
473601
497675
484078
475044
734610
461960
680739
204058
117814
761062
780117
252296
265530
847994
413322
753685
217573
772492
904288
493560
10941
152385
636545
151027
704851
925565
201029
229743
506011
690030
604722
738887
275045
538821
425199
598711
437985
155627
22175
456585
388715
149646
354555
997899
771429
294139
976243
832952
40142
281702
353202
228760
640210
283837
679971
29971
872075
485531
96912
776089
557340
886912
517629
877427
409901
795037
107044
699668
67526
873925
224190
15684
174938
600261
322238
574068
984383
273306
958716
409736
383968
497874
688361
916760
537419
865702
949199
828847
147711
853253
138499
817882
312338
856808
974079
136289
225637
159613
619526
761946
806240
470104
710590
190488
337780
641158
99963
89859
481845
13448
34494
234396
4233
654367
90318
481274
730161
894813
100174
190648
912490
447097
706722
191883
333421
464152
991850
444530
518258
601027
571657
339116
836049
393991
326515
619284
496818
890146
666155
152433
473126
648755
255554
400649
780709
793261
962937
710431
540068
288610
800257
734585
391477
422549
715816
613721
138893
127343
671820
398595
589703
515881
824500
439827
308801
692405
957178
269430
439329
54924
532625
543275
447289
924779
728731
21789
394558
3582
258004
552563
258781
885057
814694
466420
919874
377340
289289
268805
231354
904467
788464
614257
514312
728403
434353
613777
993915
9157
528446
141899
739278
285021
801303
218194
582486
169611
939250
554219
327668
506692
150533
468228
824169
795495
920230
44518
648560
675061
788496
221329
69292
407907
875742
50730
167483
166998
680991
246837
307453
908416
34833
566735
433703
143803
78931
983210
631745
293715
426945
121730
863068
599722
686992
106595
792004
699351
315027
132451
838717
416755
784397
33675
743053
184691
817430
10337
930299
159123
68081
237104
958935
875456
511175
231710
374821
636549
886068
495135
684828
495136
462312
867275
437366
7512
166232
276704
364203
901535
208829
103874
919393
145461
733361
766164
3830
393126
904268
138842
604221
164986
322684
995067
304607
344566
709015
153418
877839
829854
953044
584690
463521
878239
342048
601278
935541
882528
405705
652425
712692
275375
232797
632773
106407
170161
301196
682181
205851
774141
481688
425284
820010
44013
367179
91418
670392
318287
448709
29962
397256
584747
895515
904648
321551
482449
445950
829544
43962
481662
446755
67665
303519
319433
382195
427081
78319
213425
67776
190612
687972
651287
273429
525841
9734
83422
376079
637317
324063
748507
914633
240788
174093
851898
567150
310680
568450
605783
503714
49047
925777
460692
906641
868391
572575
748334
45047
875908
329200
763683
793757
903075
97292
635364
705484
468540
729968
674442
42830
228157
208029
155532
36527
170632
940935
995648
2400
832449
850567
805182
4438
775923
221909
608147
921638
589513
602228
902186
1971
373820
139892
751610
154193
929542
36466
567439
963331
919890
14979
312479
313012
971308
882436
684819
431683
885490
893523
470062
825918
997972
741482
896345
463089
869998
21486
435638
527800
925563
768636
41787
73990
644122
606416
845084
709298
554060
92694
575911
906045
270853
699594
891908
651221
515438
525333
50492
786621
133033
337984
847337
519690
185643
151509
306167
773273
534207
567215
911059
337179
759850
418132
24595
798585
120368
964085
478009
200483
587272
456543
695582
152103
198269
420113
87666
421915
640263
636967
239388
180538
665724
748062
437288
127164
624067
594246
691561
911696
638541
550589
77990
128405
487909
514620
952705
782299
536277
234983
850066
311550
338009
331616
896231
993413
103431
613562
325931
565467
342850
364062
159283
732704
565429
60740
315424
929718
40286
244138
997021
881099
425006
492567
83690
284680
341448
696972
553861
671831
12036
580071
927045
231113
289260
524800
82697
157919
54688
518191
461005
188911
103918
794694
638477
279262
623765
999357
323280
389844
335251
907322
73444
738832
450226
686592
827240
708139
740703
545578
771372
154285
320352
299768
412022
61852
774474
827444
742109
722883
111309
173225
127337
3770
592714
663416
130919
372564
609065
426876
68334
559987
612977
346072
58810
596854
290402
579603
311898
200862
266030
934618
174279
337933
239388
833370
802424
439584
977643
986702
620769
820591
28276
771219
682292
240500
990960
350926
306206
310243
647224
21190
895267
673623
799282
630490
645313
974088
864927
95733
616027
112187
9928
60968
928200
342961
257141
83412
333296
562003
228426
57971
399707
990127
227627
601242
939850
29502
640332
531795
459584
77816
221782
247046
267390
554513
994225
139170
165000
63303
789073
931433
274688
339042
605862
91264
767420
358368
485886
91223
329158
188514
411486
404559
18794
472912
827113
134184
465564
372299
423306
498414
806906
729613
468965
60838
61187
559555
148408
558617
503634
816255
316511
613118
898130
2081
818843
810045
375239
642049
776472
361288
556775
935357
557402
22130
676576
564810
583133
613336
576477
170442
706176
217976
808579
684316
558946
853127
919168
255086
738780
179035
834559
563588
72761
791710
848507
445435
954682
972025
355647
139949
604026
213437
872636
333253
223349
538040
506825
940241
976124
83296
370028
548959
43930
246754
874191
457911
314667
506287
573816
769071
712153
627113
237522
661649
26701
243219
591818
237127
155446
654282
233407
866660
477373
77969
223037
121947
788222
211918
549467
680672
801473
65607
695146
504332
503616
815906
334103
225777
592768
41569
847006
791435
246562
485594
403217
550134
814265
573038
698073
463864
399126
551548
806244
229866
262983
876664
643749
250706
833980
287523
131926
893439
197759
559172
476363
580384
312568
774410
762981
936899
579043
266995
679160
221376
313271
968996
605126
694691
414911
159293
812802
817091
528709
4949
792739
1022
480095
994458
612954
230591
116740
964502
487863
93091
322972
687816
94494
220883
238837
941170
685004
876040
464410
806015
71767
167365
86525
600246
375489
644234
503478
209493
361765
478612
547053
973099
155861
20645
653238
955247
22256
134374
214339
398473
786082
496099
678543
376339
5791
93157
534292
429129
868656
101486
473568
745069
468312
975886
590863
534046
533795
973629
69755
703714
169857
910856
293189
737474
483896
845710
693077
69781
852817
215609
231459
81539
454145
50094
109261
26735
94381
59686
963194
673511
355632
330750
484068
957202
78472
203028
672876
557205
453664
312517
475214
775528
842203
419215
794593
873091
933631
749899
134555
463906
204512
670573
446940
785472
854425
80848
802941
489618
348402
882729
154634
727443
108151
379064
731023
159544
525180
613821
705668
764692
119829
21118
396277
35701
88188
208694
267518
249089
934898
723186
222449
726707
914087
524053
990082
914234
255947
968825
614869
445400
507648
548437
897325
614061
332986
101899
454836
150954
873697
211640
560448
883500
128136
161989
881049
867234
16083
31888
87922
380669
162000
148388
206909
586312
908427
391038
488373
179864
214819
473128
95795
699166
739705
590136
492787
2812
538612
718746
900951
574376
926570
532748
635021
948782
628479
880870
644940
159394
514555
541171
468019
753290
914474
772259
343209
586111
908685
95956
95731
602395
193718
83356
463525
504787
640034
764961
754517
533069
449401
870596
348842
859525
280863
351587
825297
627715
410605
673483
394114
897215
900146
260371
161072
470148
384388
763136
891830
27774
344892
996289
787960
834133
590215
667581
603170
945600
908024
25199
332434
785972
415125
886241
730503
575242
270843
975570
877646
543198
494279
766129
882803
248216
888616
260574
403913
309158
388878
300938
470981
409079
793785
40219
67792
483106
60805
824869
95471
906166
318667
898886
740955
17463
353891
163452
983384
77056
320667
274153
36543
302592
158190
116103
180189
799547
4529
836592
622068
961179
637362
986752
380048
310031
893500
356212
935566
817774
872847
180238
188142
719583
426936
461980
978481
424753
809206
816292
78716
211977
620352
678171
72893
821335
292057
706486
698397
968322
819063
859401
77236
468340
788522
786100
895133
478169
371814
311079
594934
710213
848080
765504
148557
196226
187271
13750
908077
175477
540640
999478
992605
613869
802077
475792
255872
970836
368304
280093
545597
972547
684041
42608
543259
813956
774085
57015
2504
124105
750855
480821
394883
369150
771545
991205
558708
623581
10395
724753
552762
83332
285435
936457
30726
55805
911526
869084
705033
578226
794249
929223
173068
155150
731184
28090
658975
627902
741675
873905
369440
568837
937931
679452
887298
959034
10988
322405
724957
90441
382468
989438
800219
932107
672949
567217
855735
449735
84190
269720
714253
807287
559915
801116
346790
12306
139242
300604
870655
833760
492973
704270
963966
977448
958565
577987
769897
248013
516528
602392
592148
810106
893744
102033
698251
123577
929532
195849
136076
170848
221254
298480
104005
425417
590136
449810
204758
488976
895520
597124
489400
1589
369338
379464
816462
625573
604223
761507
619266
692992
849729
405531
124619
797266
886133
551586
806887
381549
554579
871476
544902
733210
313876
814240
164127
860363
744806
455378
228159
683617
386956
525912
662318
671208
661393
475956
609994
251671
403657
348396
833877
354658
154694
684411
982255
219858
805473
727339
198631
47899
968009
683792
113343
790262
795210
532960
739793
819707
790222
481159
889100
467087
104167
918790
401430
324369
932889
934401
356699
409546
4000
342447
662745
601609
510254
770177
140057
694356
849258
242094
134349
786701
863035
115002
201268
458269
512081
760719
821927
995244
427658
216527
355567
216012
613290
479034
202409
441158
315912
440652
778631
116075
465807
309330
205262
434633
578111
400938
268241
990896
319076
903556
35027
880015
824820
11414
526274
316403
724653
308408
604185
710876
969418
405382
462353
755638
936994
485752
73320
471919
891563
692061
574643
203314
263387
700207
382623
162595
954778
664536
380630
328234
915567
771979
833877
579827
740229
964451
135029
759181
487773
253256
102109
246227
958239
522535
387775
388654
173385
89506
563111
808431
985746
483699
153422
613954
665317
499543
642785
726301
495692
408381
481884
78373
148507
102520
652888
460570
64462
606107
755378
967974
593491
205795
857754
541436
224107
421187
329561
866120
848112
664335
352276
165086
197327
298438
576424
782250
677709
605786
960301
698747
314882
505752
624731
738238
574120
373896
449973
38278
849379
960721
149279
291853
599883
633475
235393
816394
179464
9148
828714
768977
591250
779596
338245
226119
45696
11910
262916
253009
396316
774468
779255
637142
137656
884620
176683
958333
529192
612497
695437
475130
420300
417067
378772
161701
154749
946552
477918
599152
495676
572535
417323
126703
108062
932916
902266
969804
294880
892341
960904
414791
35189
675270
422682
378364
243287
527648
848361
485344
454354
744492
372060
903563
346684
108785
216146
528622
995447
383709
621782
402057
102950
452323
999077
122106
883958
817074
614281
344673
10608
248611
452507
738300
869446
511010
711639
743587
874599
148161
46431
571642
865674
243557
622410
426106
147420
533701
438731
454355
977965
773748
610963
17125
866221
720066
468917
710561
480117
996054
232594
592799
798121
781862
496145
538159
616616
693862
965371
862311
857121
161738
491845
594603
383397
454490
806323
115214
233430
258703
829147
139682
695411
478940
506532
544449
233378
825874
740946
353377
237616
610004
323108
955170
916966
910109
560404
915596
112277
550232
382157
467403
951193
38650
953955
732578
55394
622117
738796
337298
964900
890752
499085
248292
830617
423101
248594
392531
263091
922028
720436
960234
249271
346413
668911
614292
166285
443961
442858
111214
900719
939580
953339
628381
147505
303694
516814
288840
5056
538688
128147
105163
975227
106037
270070
259302
508660
415705
275276
601648
596818
244075
360644
565983
683335
764058
213128
46461
970454
234266
622424
152055
673436
930888
901980
370734
723830
212578
283803
396128
812140
220096
166346
725321
142196
268299
616479
438517
620394
475582
199029
520403
458639
377212
929445
34858
164593
321744
734808
726556
998735
200851
907090
556891
506604
183423
244289
351809
893250
723098
701661
283612
132089
229658
557838
474625
587897
486643
694198
867087
794125
183356
835036
453121
683664
989985
714457
3577
69237
25534
877996
747442
193269
951427
138708
631265
594780
860849
551562
537196
98948
847825
560568
686147
47806
2062
871815
599771
60235
262851
16675
765371
100321
328924
468177
688506
42146
453277
670188
938490
525198
105217
94253
171910
416721
515205
811650
819763
222328
41394
864792
524509
747409
653856
993813
111238
70235
224130
485068
641494
875035
110370
749961
464197
698925
264060
585898
794931
858054
868467
770723
754816
88365
338089
728212
32760
128914
285250
130703
706180
763170
688363
104006
543303
799498
262897
830564
895690
814248
101700
315188
462976
297801
640117
418084
785874
516155
226030
526271
1367
95542
363301
9724
520938
742170
372734
256301
332967
710112
371251
600653
13437
681201
298696
10868
131376
503246
851180
538388
825343
970320
416525
116022
545053
514312
474923
226166
339648
243923
985237
772952
492341
624669
148459
371524
77806
250607
109953
695499
45681
461518
951793
112837
574841
206093
606931
501449
458384
689223
297440
956701
163065
685209
821729
801288
14955
278931
334923
384619
226080
635291
226482
688714
84736
898448
813094
536418
772055
776556
969314
899207
437759
309569
245949
211112
67950
333378
233430
694718
2392
799278
887044
268443
296480
152536
194162
825836
617400
971255
275864
785281
332585
238004
167371
458133
579482
657141
972560
851674
723053
587240
270579
880697
746316
72901
189001
444708
604323
472259
655307
531447
197021
505444
284164
647142
443010
374643
957849
128168
419885
891820
450963
649061
9568
689282
911251
116245
733563
871111
1530
8001
527196
53727
556738
841769
530914
519331
785293
720417
434977
474018
616429
126649
460437
767003
854811
638507
916259
429475
437092
835148
783531
585467
701404
554347
746394
40182
123429
872244
935821
798219
624244
362915
934293
622439
242401
848970
616331
985094
727219
626457
302244
603442
365143
121933
166611
802161
48594
779001
859546
470331
150930
586364
39800
546301
261131
84817
848022
107372
678153
462252
883341
602646
648540
646113
466803
844058
318010
776446
502313
431908
128341
80034
382872
891261
63945
333232
673727
59308
664523
948445
217165
430740
518347
533464
813695
512981
432818
505409
729797
797410
11880
91590
581368
59769
231906
901910
476568
373194
293023
39309
630041
65796
790022
355833
697528
810367
84687
398365
619804
950136
585206
46237
58166
348242
858272
311997
376945
820992
207272
762653
974764
459099
770008
197051
990869
527421
614930
546553
764216
263592
929032
536240
87090
13554
582853
57776
25159
894719
361015
157966
627074
793155
395256
638582
252740
983376
8567
450750
294820
79030
644030
455848
276686
854498
160144
684959
381220
298661
740620
310907
931433
25529
182947
707135
254742
351242
769853
470962
312163
796657
359795
626827
949793
517739
733895
987730
148355
905651
382843
609973
778984
463794
871691
894127
791984
511858
922617
988317
5927
572702
606510
945331
733318
244636
234989
799323
484537
47119
978310
238301
291958
258245
785740
641792
474324
283529
295120
670549
893371
407492
942467
638444
658921
425360
706738
715860
521330
48988
712320
714369
721946
512474
940879
896063
725945
934419
489271
601099
450462
694678
228272
331525
513141
111188
876866
918573
71243
213717
151152
635673
437455
885252
520094
925824
762615
362902
710686
888239
547125
849557
40898
644517
47080
834789
174426
923876
237955
212561
897330
60712
444158
132215
932215
403875
634944
276998
109119
642496
890712
661679
781259
498958
854781
163408
200430
993237
183515
891491
133100
412403
119636
711071
334062
410706
454522
543957
468346
161558
427455
624205
310648
638637
375003
794520
219571
113799
484299
119349
167635
877755
67604
592070
14774
543316
373268
170116
587114
902690
337351
604202
644630
294532
275735
872866
198554
819039
402176
902880
686337
408787
929912
790263
775527
660345
827177
389843
935815
801005
322471
415337
623291
186815
368318
228220
763798
71236
345425
585354
183813
876144
610111
633622
604142
869877
220160
664168
831235
850026
627366
81112
99061
780191
477141
787930
238463
258740
326544
870573
319597
163095
578425
708084
932539
629914
515390
52217
643101
728316
601121
840756
365233
390
357875
90342
115451
831417
239544
180063
962352
334554
851878
535207
679185
114685
982695
417483
869263
107609
45030
110121
973255
550108
791761
630436
761187
470437
215652
128771
997949
179980
418928
471967
758463
845705
554294
300684
646392
553391
140658
929059
531425
601449
429522
628454
454317
241855
456724
935482
33218
40776
448517
930747
568438
346196
993560
581099
689109
117270
807794
457569
876028
82240
906884
442341
833306
847528
171851
892755
57809
739026
488387
185939
392040
506382
345966
335172
858780
982373
62542
350392
347421
80593
973062
399680
169223
911895
325538
48586
477044
505895
938915
649494
55769
110768
945677
466971
987918
277222
448162
386861
602891
773058
691618
990931
931003
402963
571340
536000
676962
528926
440740
422002
624366
409366
701033
856779
880009
994126
420726
287187
476016
98639
535617
221832
370046
284511
245544
41180
787033
918376
943456
928459
575481
721566
593571
798266
744642
819043
679224
722856
100132
741008
356914
366716
223971
74231
8588
210570
521985
316360
699092
964863
217914
503247
861153
274325
30455
318129
641395
59426
76176
391084
864273
555454
661933
332055
528947
180224
343268
809235
903713
646416
374085
821637
701333
447718
758205
958248
565675
670866
632549
959464
43594
191820
148693
530528
782392
870349
626733
564764
93311
872616
867201
503636
710943
254766
265225
357154
619218
446371
417974
926091
787145
963676
447036
317106
517845
736996
682000
104846
365021
663709
818161
362282
504641
167656
923664
813011
474280
303630
155913
749490
38318
231124
748375
900661
925314
610224
180929
878563
125065
348601
250304
572706
151444
295349
997862
440681
974971
29703
702339
97922
340622
240458
401822
939876
567307
505723
407743
186206
772278
802539
316950
940656
67021
665139
855140
63044
300421
126513
568803
688065
122348
376011
654856
650114
802747
492083
760215
777643
718675
900890
721357
5440
101442
696860
394334
141504
531845
613890
703444
307260
439244
530756
863574
197614
866207
456838
222966
12304
218213
228759
10022
553910
473781
812215
655750
909892
503328
339752
522190
551838
519594
353898
217270
759945
845442
601956
227916
97435
837634
284957
122969
7810
250823
910470
927988
951316
628680
316024
406007
577725
59471
615299
421041
278212
181287
678279
514953
630296
999508
882822
98000
358878
301861
467090
187061
454185
769498
92956
375026
943311
710907
429939
187627
998278
586110
270522
49359
624049
995615
380375
534664
777202
174985
229024
492253
668209
385749
84910
27652
235166
993662
777121
384958
137733
762010
775444
880013
369187
364193
608606
24746
467792
869295
49741
980604
782730
808662
226836
468859
304907
85713
891580
639117
493294
857063
285704
925633
184157
367342
261030
903017
27376
496242
584714
982714
494429
102592
537020
416863
946015
766338
480017
82533
845342
493502
910962
470827
743934
237841
654260
482601
131135
142182
490712
592260
416076
720626
598101
492218
348418
516710
496877
707551
455467
149641
802643
221829
378433
622091
142380
465523
166865
54511
311179
846604
227390
874618
194121
512466
439065
177222
657909
764922
878460
885673
275044
519204
776589
350521
223531
679337
307798
392280
877123
893000
494742
580631
510655
134786
758540
448955
381304
593933
497336
305624
626772
655664
122678
471682
845182
169296
923237
886268
982502
721070
18571
837978
93588
92567
642130
625468
492189
691026
242801
339167
547673
825425
618443
695736
75746
485062
594631
836222
823885
565102
591887
214575
224687
240929
45321
530255
252686
742856
426054
932768
250753
810819
366017
997917
870710
856089
239867
394445
655126
123998
691493
165476
772564
404024
502710
709557
771232
414607
218353
514373
439517
718037
617203
446188
147120
402511
866913
435190
865909
68154
379686
516369
724814
872416
402818
813096
663610
929840
661632
152575
236438
615122
168739
170793
905723
61132
645486
144938
453300
796033
276054
14781
330013
586897
899923
311681
385614
952353
788285
34247
928976
217796
362136
821014
221217
446362
306541
208315
252321
952574
159460
336499
4609
518057
899072
89120
714582
143233
395257
156581
941356
204372
786014
317439
320351
957975
631516
416062
500047
799951
691445
314229
423215
445419
478003
634262
519713
156258
245673
261704
520887
815345
526020
57826
325032
931328
760209
498295
732433
882386
598448
531295
609103
621371
433735
555919
15739
812799
163322
658295
999478
542602
139910
77450
771950
947300
682346
80323
630486
4178
408195
823960
133748
928057
685610
693298
160092
641593
663399
734436
934730
44036
304465
40351
793546
378925
895390
340987
449094
680238
711345
259874
961384
170363
26102
560391
488478
748226
752110
562910
498614
342012
325446
575495
154396
629133
779547
942353
745053
504240
496607
625142
34379
954924
708215
734357
385904
568082
543114
731946
405155
312887
328011
59864
88642
389749
600088
167482
499435
463186
990836
794145
680288
633490
195821
968956
750417
99627
432966
474438
207544
91281
857715
813274
186116
827864
883805
324851
916917
629872
768287
265542
772506
39339
549232
867422
652215
976254
793444
442030
173702
916525
876389
794227
638185
339803
589564
286871
193574
96591
811802
576571
976481
691103
673759
52411
310869
760913
51009
126489
471622
764644
277239
279330
191553
30901
128271
814401
520307
393422
866651
685705
969718
142193
737011
539160
769876
681378
391786
936275
506954
248448
213619
858383
49530
308883
553035
911145
66852
737786
955948
114608
745920
846427
824119
588225
406464
711097
301960
973923
510137
202018
437835
720232
112197
735519
399049
313108
407992
228707
506926
449457
465549
759619
828970
223461
696904
666007
109129
421473
230494
627773
519482
220350
694719
832433
801890
132064
560874
374905
495825
65587
331123
622283
454027
477888
238943
501603
539227
384614
791401
635216
182864
511787
948196
29760
980120
869016
433785
553006
313106
754103
315676
509520
836297
359236
531602
58347
975198
651493
930920
216916
647701
454971
318083
648230
219986
353857
753952
807007
8676
625671
770333
256834
686808
609859
937909
681838
882489
638902
48151
448212
112830
542982
954494
699603
851788
402592
405129
238078
775911
364684
868259
950654
855377
449503
726525
637892
369376
234887
503382
904034
832519
568870
777474
827631
953271
678887
816837
886659
206741
670597
248670
927427
842135
237236
192798
724037
685508
529904
46482
816529
302953
290618
476121
218328
81472
31330
704156
313488
569725
118278
70594
254343
886671
54962
532925
165192
260041
807498
99797
390944
516695
424192
693357
902148
487956
72762
165830
641974
955032
200327
121737
264721
350878
573198
961664
180665
124529
447815
52657
818405
141413
816592
481028
881138
221122
851763
634533
436586
228015
209241
348303
136400
184018
624994
256207
705040
718322
424583
774941
426715
480916
885803
879592
812745
381462
509823
960087
222284
295649
269017
113304
660382
762216
605547
850014
693530
736156
416593
319998
216178
173969
250912
256703
288460
444875
673278
112668
709090
206718
483150
11372
937053
229217
985754
180107
40923
875892
170293
858079
979938
65887
358702
852939
63533
439230
899738
382606
133601
830411
133671
409476
780338
53161
748093
594616
912419
371770
910754
682742
327690
983942
225602
308111
212812
368890
560034
789330
259990
630222
806312
498778
257124
447098
550811
483041
996921
889219
929271
49635
557499
76683
47897
953390
812649
545053
993643
559619
592588
225652
649307
983423
43045
86414
444340
835764
236207
243214
624219
761056
511758
488408
413743
772102
109224
258902
649377
487885
441772
129693
34804
911656
854758
250417
483757
642016
698782
967755
757615
453217
165329
751205
523186
276176
53901
879044
42483
883235
818046
17271
502211
379098
863991
961545
846323
24584
815429
537855
428525
272602
476367
887747